Image 1
********
*******.
********
.**.***.
.**..*.*
****.**.
.***.*.*
***...**

Image 2
1533 1534 2724 3948 3949 3983 3984 3987 4036 4037 4061 4062
4072 4081 4093 4094 4116 4117 4121 4122 4123 4124 4168 4169
4206 4207 4243 4244 4246 4293 4294 4338 4339 4342 4366 4541
4598 4599 4621 4622 4683 4684 4708 4709 4781 4782 4841 4873
4874 4918 4919 4931 4932 4943 4944 4991 4998 4999 5206 5207
5218 5219 5234 5238 5306 5307 5311 5312 5343 5344 5356 5357
5413 5414 5444 5446 5447 5459 5463 5473 5474 5536 5537 5558
5559 5568 5573 5584 5608 5623 5624 5786 5787 5811 5812 5823
5824 5836 5837 5848 5933 5934 5959 5986 5987 5991 5992 5996
5997 6038 6039 6081 6082 6083 6089 6096 6097 6158 6159 6161
6162 6169 6171 6172 6183 6184 6188 6189 6193 6206 6207 7042
7043 7044 7111 7183 7184 7186 7187 7196 7218 7219 7281 7282
7288 7289 7296 7297 7298 7299 7306 7307 7318 7319 7321 7322
7342 7408 7409 7416 7417 7421 7422 7448 7449 7466 7492 7658
7659 7707 7716 7717 7793 7794 7798 7799 7818 7819 7918 7919
7923 7924 7992 8038 8039 8071 8072 8088 8089 8097 8098 8099
8106 8107 8296 8297 8323 8324 8333 8408 8409 8423 8424 8431
8432 8443 8444 8533 8534 8536 8537 8556 8557 8573 8583 8586
8587 8621 8622 8681 8682 8688 8689 8691 8692 8731 8732 8736
8737 8748 8749 8908 8909 8966 8967 8968 8969 8973 8981 8982
8986 8987 8993 8994 9043 9044 9056 9057 9061 9062 9073 9074
9081 9082 9086 9087 9091 9092 9118 9119 9156 9157 9161 9162
9171 9172 9209 9214 9223 9224 9234 9236 9237 9241 9242 9243
9244 9296 9297 9306 9307 9331 9332 9333 9359 10173 10174 10234
10236 10323 10324 10332 10346 10347 10348 10349 10356 10358 10363 10443
10444 10458 10459 10466 10467 10498 10499 10556 10557 10561 10562 10566
10567 10571 10572 10583 10584 10616 10617 10783 10784 10831 10959 10971
10972 10981 10983 11046 11047 11061 11062 11071 11072 11088 11089 11096
11097 11168 11169 11206 11207 11231 11232 11246 11247 11423 11424 11436
11437 11469 11473 11497 11546 11547 11564 11568 11569 11571 11572 11583
11584 11591 11594 11613 11614 11618 11658 11659 11694 11698 11716 11717
11733 11734 11783 11784 12033 12048 12049 12086 12087 12088 12089 12093
12161 12162 12168 12169 12193 12194 12198 12199 12291 12292 12363 12364
12373 12374 12408 12409 12419 12431 12432 12433 12434 12436 12437 12441
12442 12481 12482 12488 12489 13286 13287 13288 13289 13296 13297 13311
13312 13332 13346 13347 13363 13366 13367 13406 13407 13411 13412 13416
13417 13433 13434 13438 13439 13448 13449 13456 13482 13491 13492 13538
13539 13593 13594 13691 13692 13731 13732 13923 13924 13938 13939 13943
13944 13966 13967 13971 13972 13982 14046 14047 14061 14062 14087 14098
14099 14116 14117 14156 14157 14206 14207 14208 14209 14213 14214 14233
14234 14241 14242 14246 14247 14316 14317 14321 14322 14331 14332 14341
14342 14343 14344 14346 14347 14348 14349 14358 14359 14368 14369 14534
14543 14544 14593 14611 14612 14621 14681 14682 14688 14696 14697 14698
14699 14708 14709 14788 14789 14791 14792 14793 14808 14809 14816 14817
14873 14874 14938 14939 14956 14957 14973 14974 14993 14994 15161 15162
15217 15219 15231 15232 15244 15286 15287 15343 15369 15406 15407 15408
15409 15413 15414 15456 15457 15531 15532 15588 15589 15593 15594 15616
15617 15623 15624
Total number of black nodes = 567

Image 3
****.******.********.*.**.******
*..******.***.******.*.***.****.
***.*.***.***********.****.***.*
*********.*****.******..*****...
*.**.*.****.***.*..*******....*.
.***.****.*************.********
***.***.**..*..*****.***********
************.*****.*.**.********
******.*****.**..********.******
*******..**************.***.*.**
*..********.************..***..*
****..**.***********.*.********.
.*.******.****.*****.*****.*****
*****.***.*.*.******************
*****.***.********....**********
**.*.***.******.*****.*******.**
*.**.***.**.************.*.***.*
****..****.***.****************.
******.************.*****..*****
********.**.**.**************.**
************.******************.
.******.**..***********.****.*..
**********.*.********.****.*.***
****..***************.********.*
*****.*.**.******.****.*******.*
**.****..********.*.******.****.
****.*****.**.***.******.*******
...****.***********************.
*******.*****.********.*****.***
****..**..*.*.*****.***.*******.
**...**.*.**.**.*..*************
**..**..*****.**.***************

Image 4
**
**

Image 5
****
****
****
****

Image 6
4 12 13 17
Total number of black nodes = 4

Image 7
.

Image 8
.*
*.

Image 9
1856
Total number of black nodes = 1

Image 10
Total number of black nodes = 0

Image 11
8 11 12 16 22 24
Total number of black nodes = 6

Image 12
.***..*.........**..............
*..*.*.**......**.*........*....
.*.*....*.*.*....*..*.*.........
**...*......*.......*.*...*.*...
*........*..*.......*......***..
*...***.*.........*.*.*.......*.
...**..*..*.....**........**.*..
..***.*..*......***..*****...*..
.*....*...**..........**..*....*
.*...*..*....*..*.............*.
...**..*.***.......*......*..**.
*..*...........*.*.***.*....*..*
.*.......*..*......*.*...*.*..**
.*...*..****.........*..*....*.*
...**.*..**..*...*.*...*.**.....
..*....*......**...*...**.*.*...
*......**........*....*......*..
..*......*..****...**....*.***.*
...*.**...*.......*.**.**.......
....*.*.....*.*.*.....*..**.**..
..*..**........*................
.*...*..*..*........***..*..*...
.*.*.*.**.***.....**....*......*
*.**.***...*..*.*...*....*..*.*.
.*..*.**..**..*.....*....*.**...
.*.**.*.*.....**....*....****...
..........**....................
**..**..*....*.*.*..*......***..
*...*.****..*.....**.*....*..*..
..*............*.*...*.*...**...
....*.*................*..*.*..*
.*...*..*.*..*.....**...*.......

Image 13
*.
**

Image 14
7 13 19 23 33 41 42 43 46 47 49 56
58 59 61 64 66 67 68 81 83 84 89 91
96 97 99 111 112 114 118 121 122 124
Total number of black nodes = 34

Image 15
*..*
*...
.***
*.*.

Image 16
Total number of black nodes = 0

Image 17
.

Image 18
..
..

Image 19
..
..

Image 20
1 2
Total number of black nodes = 2

Image 21
1 2
Total number of black nodes = 2

Image 22
0
Total number of black nodes = 1

Image 23
..
*.

Image 24
783 792 813 841 849 856 858 861 862 872 874 906
908 922 934 966 991 996 1032 1042 1056 1057 1058 1064
1066 1073 1083 1089 1091 1108 1116 1163 1184 1192 1208 1212
1222 1238 1241 1244 1408 1414 1418 1431 1439 1549 1556 1562
1564 1571 1583 1589 1618 1659 1663 1669 1699 1741 1742 1746
1784 1794 1812 1816 1823 1846 2034 2039 2047 2081 2087 2107
2118 2166 2169 2182 2188 2217 2218 2222 2232 2282 2287 2298
2357 2414 2432 2436 2449 2464 2466 2472 2482 2488 2491 2497
2668 2673 2688 2698 2716 2733 2782 2784 2797 2799 2806 2819
2823 2824 2841 2843 2846 2857 2863 2864 2907 2908 2942 2944
2947 2949 2966 2984 2988 2997 3041 3048 3049 3059 3084 3107
3112 3123
Total number of black nodes = 134

Image 25
7 9 11 12 17 19 21 24 31 33 39 41
43 48 56 58 63 64 66 68 72 73 81 83
93 97 98 113 116 122
Total number of black nodes = 30

Image 26
6 7 12 13 24
Total number of black nodes = 5

Image 27
*..**..**.***.*.**.*.*.*.*.**.**
...***..**..******.**.****...**.
*.**.*...**..**..***.*..****..**
***...***.**.....****.*.**.*..**
****.*****.**.*...*...*.*.**.*.*
..****.***.*****.******.****.***
******.*..*.***.**.****.****.**.
..****..****.*.**.***.****.*****
**..****.*****...*.*.****.*****.
.***.**.**.*...****..**.*...*...
***.***...**.*****.*.....****...
.***.*...**.*...*****...****.*.*
*..*.*.*..*...**.****.**.*.***.*
**.**.*..***.**.********.*.*.***
.**..****..*.***.****.**.****..*
****..***.*.*.**...*.*.***.***..
*.**.*..***.**.***.***....*.**..
*.*.*******.***.*****.****...*.*
..*.*..**..*.*****************..
*.*.*.****.***...*..*.**.**..**.
***.*****.*.**..**.**...*.***...
...*...*..**.***..**.....**.****
***.*...**.**.**.*.*..*.*.*.***.
*.***.******.*******.*..**.***.*
****.*.*.*.****...**..*****.**.*
..**.*.*****.**.**..****.*.****.
*****...*********..*..*.**.*.***
***.****.**.....*..***.*.*.**..*
.*.**.*.***.***.***.**..*****.**
****..***********.*...**.****.**
.**...*.....**.**.***.**.****.**
***.*..*****.**********..*.*.**.

Image 28
34 38 39 58 72 81 92 111 121 156 157 162
166 168 169 171 172 173 181 187 188 193 194 211
213 214 216 218 221 223 231 237 239 242 243 247
249 282 292 294 297 316 317 318 323 324 333 334
336 343 346 348 357 358 366 368 373 406 408 416
421 431 432 434 436 438 439 441 442 443 446 448
458 462 463 464 466 469 472 473 474 482 491 493
494 497 499 536 542 543 544 546 547 548 556 561
562 564 567 571 574 582 583 584 586 587 589 593
596 597 606 608 609 612 613 623 624
Total number of black nodes = 117

Image 29
6 11 12 14 16 22 24
Total number of black nodes = 7

Image 30
2 4 6 13 16 18 21 23 33 58 61 83
86 111
Total number of black nodes = 14

Image 31
.

Image 32
38 39 41 47 62 66 67 69 72 73 84 91
92 93 94 107 114 122 156 157 158 159 161 162
169 171 173 174 181 182 183 184 189 196 207 211
212 213 214 221 223 236 241 242 243 244 246 248
249 281 282 284 292 293 294 299 306 311 313 318
332 333 336 337 347 349 356 358 362 368 406 408
409 411 412 417 418 423 432 433 434 436 438 439
456 458 461 464 471 472 473 474 481 483 484 488
491 492 498 499 532 533 537 542 543 544 546 548
549 558 563 564 571 574 587 588 597 598 599 611
613 617 618 619 621 623 624
Total number of black nodes = 127

Image 33
Total number of black nodes = 0

Image 34
.....*.......****.**..***.......
......**..***...*.*.....*....**.
**...**...*.*............*..**..
*...**....**.*.*...*...*...*...*
**....*....*.*.*...*..**.....*.*
***.*..*.**..*..**....*.*......*
*.....*...**.*..*....*.*.*...*..
.*...*.......**..**....**....*.*
...*..*....****.....*...*..*.*..
..*.**....*...*..*****.*.*..**..
...*.*.*.*.**..*...**.**...**..*
.*.*.*...*.*.*..*...***...*.....
.*...*..**..*......*.....**.....
.*..............**....*.*....*..
.*...*.*....*....**.****..*.***.
..*.......**.**..*.**..*.***....
.*.*.*.**.****.......*....*....*
..*..*...*...*...*.....*.*.*....
....*.*.*.**.***.*..*...*...*..*
****.**.*.**..*.****........*..*
*....*.....*.....*..**..*.....*.
*****.*.*..........*.*....*..*..
**......**.*.*...*..*....*....*.
......*....*..**..***.......**.*
**.*..**.*..........*..*.**.*...
***........*..****.**.*....*...*
....**.**..**.....*..***........
.*.**......*.....*.*..*.*......*
*...**...*.*.*.....**....*..**..
*...*.*..*.*..**...*.....*.*....
....***...*...*........*.*......
***......*.*...*...*..*..*......

Image 35
.*.**...*******.***.*****.*..***
********.**..*.*****..**.****.**
**.*********..***.*********.****
*******.********.*****...*******
**.*.****.*.*.******.*.*********
*****...***************.***.*.**
.*..*****.*.**************.***.*
*..****..*****...**.***..******.
*******.************************
.***********.*...**********.****
****...**********.*******.*.**.*
*****.**.****.**********.***.***
*****.****.*****.*******.*******
******.***.**********.***.******
..****.**.***.**..******.******.
*.**********.********.******.***
***.*.**.**.*********.*****.****
.*********.************.*.******
***.****.****....*****.******.*.
**..**********.*****.****.**.**.
*.**********.*.******.**********
*.****.*********..****.**.***..*
*.*.*..*..******..*.*.*.******..
*...****.**.********.**.*.***.**
*..*.******.******.**.****...***
******.***.*.***.*****.****..***
********.************.****.*****
**.**..************.*..***..****
******.***********.*.**.*.**.***
******..***.*****...**********.*
***********.*******.************
****..****************.**.******

Image 36
.

Image 37
*.*.
...*
*...
....

Image 38
****************
*****.*.****.***
**********.*****
****************
**.*.***********
******.****.****
**.****.********
*..**********..*
*.**************
*..*.****.******
****************
***********.****
.************.**
****.***********
****************
***.****.*******

Image 39
***.....**.*...****...........**
.*....*.*.......*...**.....*....
.........*..*................*.*
..*...........*......*.*.*.**.*.
.......*.....*..*...**..........
*.*.....*...*.*..*.*.....**.***.
.........*...*..*......*.*.*.*..
.....**....**.*.........***..*..
*.....*.......*.*..***.......*..
..*................*.*.*........
...*.*.........*.*...*.*..*.....
.......*.....*..*..**.......*...
....*.*..............*.*..*.....
.*.*.*........*......**....*..*.
...*....................**..*.*.
.**...*..****.**.*..*........*..
..........***..*....*...*...*...
.*.*.......*....*.......*......*
..*..*........*...*.*.....**....
.*......*..***......*.*..*..**..
....**..*......*...**.*.*****.*.
*........*.**..*...**.......*...
*..*.****..*.**...............*.
...*.....*..*...**..*......***.*
*.......*..**...*..*..*....*.*..
.*...*...........*..*.*........*
....*...**.*.**..*..........***.
.*..*.......*.....*..*....**....
.*..*..*..*........*......***...
..**......*...........*......*..
..*.......*...................*.
.....*.****......**.............

Image 40
.

Image 41
Total number of black nodes = 0

Image 42
2 3 4
Total number of black nodes = 3

Image 43
*

Image 44
0
Total number of black nodes = 1

Image 45
***.
****
*..*
****

Image 46
*...*****.**.*******.*.*.**.****
**..***.****.*****....****.****.
.*****************..**.*********
.*.*..***.*.*.***..*.******.*..*
..***..**.********.**.****.*.*.*
***.**.*.*.**.**.*********.*.**.
*.**.**.*.**.*****.*....***.**..
**.******....**.*.***********...
*****.**..**.***.***.********.*.
*.****.****..*.****.*.*.**.*****
*..*.*.*.**.**.*.***..***.*****.
**.*****.*..*******.********.***
..*...***.*******.**.******.****
****..**.***.*****..****..******
.*.**.*******.**.*******.*.**.**
.**.****..********..*.**.***.*.*
**.**.**....****.***.*.********.
*..******.*.*****..**..*...****.
...**.******.*********.*****..*.
**.*.************.****..***..**.
***.****.****..****.**.*.*..****
***.******..*.**...***..*.*.***.
*****.*.*.****..***..***.***.***
***..***..*..*******..*....*.*.*
.***.**....*.**....*******.**.*.
*****.******.*******..***.*.*.**
.**.*.**.*.****.**.*****.**.***.
**.*.***.*.***..*.****.*.**.**.*
**.*******.*.*****.*.**..**.****
*****.****.***..*.*****.***.**..
**..**..*.*.**.**..***..***..*.*
*..**.*****.*****.*...*..*...*.*

Image 47
..
*.

Image 48
*.**.***.***.***
.***********.***
..********.****.
***************.
******.******..*
*..*..*.******..
***.*****.*.*.**
******.*****.***
.*.********..***
**.*************
**...*****..****
*.******..**.***
.***.***.****.**
**.*.*.***.****.
**..*.*****.*.*.
***.**..**..*..*

Image 49
209 247 346 366 367 441 532 591 624
Total number of black nodes = 9

Image 50
0
Total number of black nodes = 1

Image 51
.

Image 52
...*.*.*
*.***..*
*****..*
.*.*.**.
*..*....
**.*.**.
.*.**...
*..***.*

Image 53
*************.**
**.*************
**..************
******.*********
**.*********.***
***********.****
*****.**********
***.*******.****
*******..*******
**.*************
.****..*******.*
****************
*********..*****
****.*****.*****
****************
****************

Image 54
4 6 7 11 13 17 21 23
Total number of black nodes = 8

Image 55
*

Image 56
Total number of black nodes = 0

Image 57
.

Image 58
57 158 159 161 163 166 168 173 174 181 183 186
198 199 206 209 211 212 216 218 221 222 234 239
241 249 281 286 291 292 293 294 297 299 306 308
312 317 324 332 336 337 338 344 359 363 368 371
373 408 409 413 414 416 417 421 423 424 431 433
438 443 444 449 468 473 474 493 531 532 534 538
539 561 568 569 573 582 584 587 588 589 591 593
597 606 608 611 613 614 616 617 618 621 787 794
797 813 814 816 817 818 819 822 833 838 842 844
849 857 858 861 862 863 907 908 909 912 913 921
934 936 939 944 946 948 956 958 959 964 966 968
971 972 973 981 982 983 986 987 989 991 994 1031
1032 1036 1037 1043 1047 1059 1061 1064 1066 1067 1072 1073
1081 1082 1083 1084 1086 1087 1089 1094 1096 1106 1107 1108
1116 1119 1121 1122 1123 1158 1161 1167 1173 1174 1181 1184
1188 1191 1192 1196 1197 1199 1206 1217 1219 1223 1237 1244
1406 1407 1414 1417 1421 1422 1434 1437 1439 1441 1446 1447
1457 1464 1467 1469 1473 1474 1481 1483 1493 1494 1496 1497
1498 1532 1533 1534 1537 1539 1561 1563 1566 1568 1569 1572
1584 1589 1591 1593 1597 1598 1599 1607 1608 1611 1614 1617
1622 1624 1657 1661 1662 1668 1669 1684 1686 1687 1689 1691
1692 1696 1697 1709 1712 1713 1714 1716 1717 1719 1722 1731
1733 1737 1738 1739 1746 1747 1748 1749 1783 1786 1787 1791
1793 1794 1796 1797 1798 1806 1808 1809 1812 1814 1816 1817
1821 1822 1824 1831 1833 1836 1842 1846 1848 1859 1862 1869
1872 1874 2031 2032 2037 2039 2044 2046 2047 2059 2062 2063
2066 2067 2068 2069 2071 2082 2083 2088 2089 2092 2094 2098
2106 2107 2112 2118 2119 2121 2122 2123 2157 2163 2164 2171
2173 2184 2188 2191 2193 2194 2196 2197 2198 2206 2208 2217
2218 2221 2222 2223 2224 2233 2237 2241 2244 2249 2281 2282
2294 2309 2311 2312 2314 2316 2317 2322 2323 2331 2332 2334
2337 2338 2339 2341 2342 2346 2356 2357 2359 2361 2362 2363
2364 2366 2367 2369 2371 2372 2374 2408 2412 2416 2417 2418
2419 2421 2422 2423 2431 2437 2438 2439 2441 2442 2446 2456
2458 2461 2467 2471 2482 2484 2487 2494 2497 2498 2499 2656
2662 2664 2667 2669 2671 2684 2687 2688 2689 2692 2693 2694
2696 2697 2708 2713 2714 2724 2736 2737 2738 2742 2743 2744
2746 2747 2783 2784 2787 2788 2798 2809 2811 2813 2814 2816
2818 2821 2823 2831 2833 2834 2839 2841 2846 2849 2857 2861
2862 2864 2866 2867 2869 2874 2906 2911 2912 2918 2937 2946
2948 2956 2958 2961 2963 2966 2967 2969 2971 2972 2982 2983
2984 2986 2988 2989 2991 2992 2999 3036 3037 3041 3042 3043
3044 3046 3047 3049 3058 3062 3063 3064 3072 3074 3086 3094
3096 3107 3109 3122
Total number of black nodes = 520

Image 59
*

Image 60
4
Total number of black nodes = 1

Image 61
********
********
*.****.*
**.***.*
***.****
.*******
.*******
******.*

Image 62
6 7 12 13 16 17 21
Total number of black nodes = 7

Image 63
59 64 66 93 156 164 166 174 183 186 188 197
198 206 207 221 222 223 232 237 239 241 242 243
244 246 247 249 282 283 284 286 289 299 306 308
311 312 313 317 318 321 324 332 333 336 338 339
341 344 347 348 356 364 366 371 372 374 408 411
413 421 422 423 424 437 442 443 444 446 447 448
458 461 467 472 494 496 497 498 531 532 533 537
538 539 541 542 544 556 558 561 568 569 573 581
583 584 588 592 594 596 598 606 607 609 614 616
617
Total number of black nodes = 109

Image 64
Total number of black nodes = 0

Image 65
6 33 34 37 39 42 43 46 49 58 59 61
66 68 69 72 73 87 88 89 91 92 93 94
96 97 99 107 111 113 114 116 119 123 157 161
163 166 169 173 187 189 196 207 208 211 223 233
234 237 242 243 246 249 282 286 288 297 307 312
324 332 362 372 374 407 411 416 422 423 432 437
439 446 449 457 458 459 461 483 484 492 493 496
497 499 538 541 544 547 548 557 563 564 567 571
583 584 586 598 608 609 612 617 622
Total number of black nodes = 105

Image 66
..
*.

Image 67
0
Total number of black nodes = 1

Image 68
..**.*.*
.*.**...
..*.*..*
*...*...
..*..*.*
..*.***.
.*...**.
....***.

Image 69
*.
..

Image 70
193 213 223 234 297 298 308 332 489 542 549 591
597
Total number of black nodes = 13

Image 71
***************.
****.***********
**********.*****
******.****.****
.***************
.***************
**.************.
*****.**********
****.***********
*.*************.
**.*************
****.***********
***.****.*******
***.**.*********
*********.***.**
.***************

Image 72
***.
.*.*
..*.
****

Image 73
....
...*
....
..**

Image 74
*

Image 75
........*.*..*.*
......*.*.*.....
..............*.
.............*..
*..**.*......*..
...**.....*.....
....*..***......
..............**
.......*.**.....
*........*......
**..*...*.*.....
....*...***.....
.*.*....*...****
*...***.*...*..*
*.**...*.......*
**..............

Image 76
6 21 22 23
Total number of black nodes = 4

Image 77
12 31 32 33 34 36 39 42 43 44 46 48
49 56 57 59 64 66 72 74 81 83 84 86
88 91 94 96 107 116 118 122 124 166 172 183
186 192 193 194 196 198 207 217 218 223 233 234
236 238 239 242 244 246 288 297 308 313 318 319
321 323 342 343 347 348 349 356 363 413 416 422
433 436 438 442 443 444 446 448 464 468 474 481
483 486 492 494 496 498 538 541 561 567 589 592
597 599 606 608 609 611 613 617 619 621 623
Total number of black nodes = 107

Image 78
781 846 858 932 957 962 971 992 1068 1069 1108 1122
1166 1167 1173 1218 1661 1666 1667 1806 1811 2091 2163 2234
2341 2432 2496 2661 2814 2817 2957 3044
Total number of black nodes = 32

Image 79
2 3 9 11 14 16 21 24
Total number of black nodes = 8

Image 80
...*
..**
**.*
..*.

Image 81
.*.*...**.****...*.*.**..**.**..
**.*.******.*..*********.******.
.***.***....**.*******...*..***.
***.**.*...*....*.**.*..***.***.
**.*.***..*.*.*.*..*.****.*..*..
***..**.*..***.**.*..**.*.*.*...
*.*....*****.**.*.***.**.*.*.**.
.*.***....*.***..***..*.*.*...*.
**.....*.*.*....*.*..*.....*..*.
*...***...****.*..*..*..*..***..
**.**....*..*.*.***.***.**.*****
..****...*....***.**.**.*....*.*
*.*....*.**.****.....*.*..*****.
****..*.*...***.**....***.*****.
.*.***.*.**.***.***..******..*..
..**..**.***.***.***.*..***...*.
.****...*..**.*.*.**..**.*...*.*
**.*.*.*..**..***.*.**...**..**.
****..***........******..***.**.
**.********.**.**.****..*.*....*
.*...*....*..**.**.*.*.**.**....
.......**.*.**..*.*...*****...*.
..****...******..*******.***.*.*
....***.*...***.*.******.**....*
*....****.*.***..****.**...**...
**.***...****.*..**.**..*..*...*
..*.*.*.*....*.*.**.*.*******.**
..***..****.....**.**.**.*****.*
..**..*.*....*.*..*.*....*....*.
...**....**..**..***....***.***.
*.....*..*...****..*...*...*...*
**.*******.*..*....*.**.*****...

Image 82
****.*****..**.********.*..****.
****.***.***.************....***
.**.*..****.*.*.*.*****.**.*.*.*
.***..*******.************.**..*
.**.**.******..*.*.*.*..****.***
********.*..**..****.******.*.**
**********..*.*.*.****.*****.**.
**..******..*..*.**..**..*..*.**
*.**.****.*.*.**..**..**********
*.****.**.***.*.*****..*********
*********...****.**.****...*****
****..**.****.*.....*...*.****.*
*.*.*.****..**.***.*****.*..**.*
****..********.*******.*****.***
*******.*****.*.***.**..********
.****..*.*.***.*.*...**.***.**..
*.**...*..***.**.*****.*****.**.
.**.****.****.*****...**********
.....*.*.*.*..*.**..**.**.******
*****.**.******.*******.**..*.*.
.*...******.***********.**.****.
****.**.*.*****..***..***.*.**.*
******.****.***********.*******.
.**..**..***..*****..**..*.****.
..******************.*****.*****
**.*****.***..************.***.*
****.*.**.*****.*.****.*.****..*
..****..***.*.**.*.*..**..**.***
***..*.***...***.***...*.***.***
****.********.**.***...*.**.****
*****.**.*.***.***.*.*.*****..*.
***.**.*.*****..*.**..*********.

Image 83
.*......
........
....*...
........
.*......
........
....*...
.......*

Image 84
13 32 36 37 39 41 47 48 49 57 58 66
67 68 84 86 91 92 97 106 107 111 112 119
122 124
Total number of black nodes = 26

Image 85
69 112 156 168 169 171 172 182 183 186 187 189
198 206 209 211 212 216 217 219 221 224 231 232
234 238 242 244 246 247 249 282 283 284 286 287
289 292 293 296 298 299 306 308 309 316 321 323
331 332 333 338 339 342 346 348 349 356 357 358
359 366 367 369 371 374 414 417 419 422 423 431
434 436 437 441 442 457 459 463 464 466 468 469
474 483 484 486 488 491 496 497 498 531 533 534
536 537 538 542 543 556 557 558 561 562 567 568
571 572 574 583 584 586 588 589 591 594 596 598
607 608 611 616 617 619 622 623 782 784 786 788
789 798 806 809 816 817 821 822 824 832 833 838
839 847 848 858 866 868 873 906 916 922 932 936
938 939 942 943 947 949 959 961 968 972 986 988
989 993 997 998 1033 1034 1037 1038 1041 1043 1046 1049
1058 1063 1068 1071 1083 1086 1087 1092 1096 1106 1107 1114
1117 1118 1119 1124 1157 1166 1169 1171 1172 1173 1174 1184
1188 1191 1198 1206 1212 1217 1218 1222 1224 1231 1238 1239
1243 1246 1407 1408 1409 1411 1412 1414 1416 1417 1431 1438
1441 1442 1443 1446 1447 1449 1457 1458 1464 1468 1472 1473
1483 1486 1489 1491 1498 1538 1541 1544 1547 1557 1562 1563
1564 1567 1584 1586 1587 1591 1593 1594 1597 1613 1614 1618
1622 1656 1657 1659 1661 1662 1666 1668 1671 1674 1682 1688
1689 1693 1696 1697 1699 1706 1711 1717 1722 1731 1739 1743
1744 1749 1789 1797 1799 1809 1814 1816 1831 1832 1842 1847
1859 1864 1868 1871 2032 2033 2034 2036 2037 2038 2039 2041
2042 2048 2049 2059 2063 2066 2067 2068 2074 2083 2088 2093
2098 2108 2111 2114 2118 2123 2156 2163 2169 2172 2182 2186
2187 2197 2199 2211 2218 2219 2222 2236 2243 2248 2282 2283
2288 2291 2296 2307 2308 2314 2318 2321 2322 2324 2331 2336
2337 2342 2346 2347 2357 2367 2368 2369 2374 2407 2414 2416
2419 2421 2422 2423 2424 2434 2438 2439 2441 2448 2457 2462
2468 2474 2481 2484 2488 2489 2496 2499 2658 2662 2663 2666
2667 2673 2681 2684 2693 2696 2697 2707 2713 2714 2718 2736
2739 2741 2743 2781 2788 2791 2811 2812 2813 2814 2817 2818
2824 2834 2837 2841 2844 2861 2863 2864 2872 2873 2906 2907
2908 2909 2911 2912 2913 2918 2924 2932 2939 2949 2956 2958
2962 2971 2972 2973 2989 2992 3032 3039 3041 3044 3046 3048
3064 3073 3081 3082 3087 3092 3093 3097 3099 3106 3109 3118
3124
Total number of black nodes = 469

Image 86
********
.*******
***..***
*...**..
*****.**
*...****
*******.
.******.

Image 87
.**.*********.**
*.***.*....*****
*******..*.***.*
.********..**..*
.***.*.*..******
***.***********.
*.*******.****.*
*..*...***.**.**
.*.**.******.*.*
***.*****..**..*
**.**.**.***....
**..******.*.***
***..***.****.*.
*.**.*..**.*.**.
******.*********
****.***.*******

Image 88
8 9 13 16 17 18 24 31 32 36 37 39
44 46 47 48 56 57 61 62 64 69 71 72
81 86 89 94 96 97 98 107 112 123
Total number of black nodes = 34

Image 89
6 21 32 34 37 38 39 43 49 59 62 64
72 74 83 86 87 88 94 107 111 113 114 116
117 118 119 123 124
Total number of black nodes = 29

Image 90
..*..*..***...........*.........
......*.*.*.*.................*.
...........**...............*...
...*..**..........*.......*.....
........................*.......
.*..............*.*....*..*.....
.........*..*.*....*............
.......*.....*............*...*.
...................*...........*
....*................*......*...
...................*............
..*.......................*.....
*.....*....*....*...*.........*.
.......*...*.............*......
....**..............*....*....*.
..*....*.*..*..*................
.*..*.....**.........*.........*
*.........*.....................
....*........*..................
.......................**.......
.............***................
.............*.......*..........
.............*..................
.....*..........................
....*...*...........*..*........
.........*..**................*.
..*.**.*........................
....*.*......*.*...*..*.....**..
........*...........*.......*...
......*...*......*.....*....*...
.....*.*.*.....................*
.............*.................*

Image 91
36 38 43 68 69 84 88 96 98 99 108 111
113 157 158 159 162 164 169 171 172 173 174 186
187 189 192 197 206 208 212 214 216 217 222 231
232 239 244 246 247 282 283 284 287 289 291 292
296 297 298 299 306 307 308 312 313 316 317 321
322 323 332 333 336 339 341 342 343 344 347 357
359 364 366 368 371 373 374 406 408 409 414 416
417 421 422 423 424 431 432 433 434 436 437 438
439 441 442 446 447 448 456 457 461 466 468 469
472 481 484 489 491 492 497 498 532 541 544 556
557 558 559 563 564 573 574 582 583 586 589 592
593 606 607 612 618 619 621 622 623
Total number of black nodes = 141

Image 92
1 7 8 9 12 17 18 19 23 24 38 47
63 64 72 89 97 113 114
Total number of black nodes = 19

Image 93
781 786 788 813 824 834 846 867 873 914 921 937
939 968 1034 1043 1069 1086 1088 1092 1096 1107 1116 1163
1166 1186 1194 1219 1231 1234 1236 1237 1239 1243 1417 1432
1438 1439 1467 1484 1491 1493 1534 1541 1549 1574 1596 1597
1612 1664 1666 1669 1689 1692 1694 1712 1716 1719 1722 1733
1736 1737 1784 1789 1794 1796 1823 1836 1841 1846 1848 1862
2041 2043 2057 2058 2066 2071 2112 2113 2118 2171 2173 2186
2196 2207 2217 2234 2249 2281 2297 2298 2317 2324 2339 2357
2364 2367 2371 2373 2406 2411 2416 2417 2421 2424 2434 2438
2439 2467 2471 2486 2489 2497 2666 2669 2671 2681 2699 2731
2743 2749 2796 2814 2817 2822 2833 2836 2846 2849 2934 2971
2997 3041 3048 3059 3071 3082 3087 3088 3106 3107 3108 3114
3116 3122
Total number of black nodes = 146

Image 94
*

Image 95
0
Total number of black nodes = 1

Image 96
*******.*.***.**
**.****.....****
*************..*
***.*.*****.*.**
***.**.***.*..*.
**.*.*.*..******
**.*.****.*.****
**.*************
..*.******.**.**
.********.*****.
*******.*.******
***.*****..****.
.*.**.*..****...
*.****..*....***
***..***.***..*.
****.**.*.*.***.

Image 97
788 796 797 798 806 809 814 819 857 866 914 916
917 918 924 947 992 1031 1048 1082 1093 1094 1097 1118
1122 1172 1184 1192 1198 1211 1233 1234 1236 1238 1239 1407
1412 1437 1441 1456 1461 1492 1493 1532 1538 1556 1562 1588
1611 1656 1657 1682 1683 1684 1697 1708 1718 1719 1732 1748
1784 1798 1806 1808 1819 1831 1832 1837 1846 1849 1859 1863
1874 2037 2047 2072 2081 2083 2084 2106 2119 2122 2159 2162
2166 2172 2187 2191 2198 2208 2223 2244 2298 2307 2337 2338
2341 2342 2347 2361 2362 2374 2439 2448 2449 2471 2484 2659
2684 2688 2706 2707 2713 2718 2734 2736 2737 2739 2746 2781
2783 2786 2787 2811 2812 2817 2842 2844 2847 2856 2864 2867
2869 2906 2922 2958 2967 2984 2986 2987 3031 3038 3043 3066
3071 3072 3094 3098 3107 3117 3119 3123
Total number of black nodes = 152

Image 98
2 4 6 8 11 13 21 23 41 68 91 93
116 118
Total number of black nodes = 14

Image 99
Total number of black nodes = 0

Image 100
*.***....*..*.**
*......***..*...
****...*.**..***
.**..*.*******.*
.**.***.****.***
*....****..*****
******.*.*.**.**
**********.*.**.
***********.*..*
...******..*.*..
*.*....*********
...*.*..***..**.
*.*...**...*..**
..*.***.*.****..
**.***..**.*..*.
**.*.****.**.*.*
